ox <- c(161,	174,	166,	170,	147,	175,	177,	185)
parox <- c(166,	143,	152,	123,	145,	154,	176,	149)
